0.15
2.65
1.27
-0.38
60
0
-45
2.05
97
4.0
0.89
41
-63
23
-1.56
-0.5
-0.28
-3
-11
-90
90
100
92
0.68
1.59
36
64
1.42
-18
-1
-94
1.08
-21
-32
39
-56
4
98
4
-19
-0.76
-2.9
-1.37
85
-0.85
-68
-2.31
68
42
-1.06
29
-25
-17
73
-0.52
-0.94
-58
-74
0.09
-0.16
1
0.52
-51
55
-0.64
22
1.1
5
0.11
60
-43
47
0.67
-1.32
-82
0.15
1.34
-0.31
73
-1.06
86
0.46
0.05
-21
-0.38
-2
-13.5
1.79
66
0.03
0.34
-44
1.71
-4.3
-1.84
67
62
42
-69
-1.12
0.21
-1.28
84
-4.47
79
-0.29
48
-31
-27
-87
5
2.27
-62
-18
1.62
-5
-51
71
43
2.41
-1.25
24
94
1
-1.3
0.65
29
1.08
-37
0.52
-38
0.78
2.85
0.98
53
-33
-66
0.86
-2.72
21
-0.52
-46.0
-33
-36
35
32
-61
0.68
0.4
1.53
-85
-1.27
-87
0.3
91
0.68
0.18
74
-0.41
35
74
-47
-0.4
31
-1.32
-0.74
-82
1.71
36
41
-27
-80
9
79
67
72
53
2
0.62
-44
-0.14
0.92
-20
-1.88
-55
-8
62
-54
-6
1.34
-5.5
0.13
0.2
-26
0.72
2.17
12.12
79
0.65
-1.34
-0.43
0.64
0.24
0.05
-5.58
16
0.05
0.66
75
92
0.06
-1.52
0.2
-91
18
0.44
3.16
21
-76
66
4.83
-1
32
-54
-0.74
0.01
-0.13
0.28
-73
91
-34
-1.77
1.4
-6
99
0.23
92
60
-96
-0.52
38
0.95
-66
-0.8
13
-0.42
57
77
-84
62
3.05
21
-0.44
0.29
0.13
0.54
0.22
0.7
-1.33
1.86
-89
1.43
1.18
-30
-0.06
-86
-75
69
34
-1.6
-99
-65
-6.0
-94
-15
-24
15.0
-20
-9
-2.83
2.26
2.8
85
-8
-74
34
76
-1.32
-0.32
0.05
6
0.6
0.38
0.48
-76
0.87
-11.12
57
1.75
92
-53
19
-51
-98
10
-57
-0.4
7
-41
-0.46
-62
-0.86
-62
-49
-83
-0.84
1.17
0.95
-3.6
-1.93
1.1
-61
30
-1.02
-0.03
-70
-10.8
80
98
-1.48
-12
-23
59.0
-36
-0.28
88
49
2.31
-1.29
-43
1.39
0.8
3.22
-0.51
1
91
-48
-0.63
-28
-52
0.61
-23
3.84
-1.17
-0.41
5
-3.28
43
-1.6
-2.17
-62
-60
-87
-14
17
1.69
85
-1.76
0.14
-0.72
2.29
82
-0.7
-71
-2.5
-56
0.33
-16
31
0.24
57
0.58
2.08
44
1.56
0.81
-81
23
43
0.71
-0.11
-3.24
62
-16
-1.19
17
-71
97
19.8
-86
-0.47
0.52
55
6.0
-0.3
9.25
2.06
0.52
-3.34
-81
1.63
-0.06
-0.18
2.77
0.36
70
-6.58
-70
22
2.0
-73
0.13
79
-3.41
-1.82
4
100
-12
-98
-16
-5.5
88
93
-50
-47
-3.62
0.6
-0.92
-53
-0.41
-0.72
-1.92
66
50
-82
84
1.32
9
-0.57
-0.23
1.06
93
1.62
-0.61
-20
86
96
-72
93
21.5
99
-0.91
-0.46
-0.02
5
7
-16
-13
-0.2
24.0
-85
66
3.35
-15
52
-2.68
-0.91
28.0
0.56
38
91
1.73
-16
7.73
-21
35.0
59
-2.15
9
-20
-1.5
1.7
-0.13
1.06
1.06
5
0.05
15
71
1.34
-36
-27
69
-87
0.64
76
3.5
7.86
-16
-32
-0.2
-0.72
0.81
0.71
0.2
-1.42
0.45
1.73
-2.5
-4.79
0
-0.64
-61
18
53
-1.25
69
-34
-0.37
1.68
-64
-2
-73
1
1.12
1.07
4.55
0.91
28
-27
87
-5.87
64
79
-0.41
-58
85
-9.33
-20
-0.81
-92
0.66
-62
1.29
-66
-6
22
-91
-2.07
-0.84
1.44
-0.28
70
0.39
10
4
-46
-28
13
-41
59
-0.3
-54
7.56
-7
-92
0.25
0.19
-12
-7.1
-53
-23
-0.01
-93
-1.79
52
31
-75
0.68
-2
-2.11
-28
-2
-0.42
-69
36
-53
3.25
-36
32
-41
32
60
0.88
27
-79
50.0
68
14
-77
29
-0.31
0.3
0.18
-2.73
93
-96
-1.0
-0.06
38
-0.14
-1.22
-1
-68
-70
-2.8
0.19
-1.2
63
8.33
83
-5.93
1.67
-4.64
-0.36
1.06
42
0.39
-47
-54
7
0.87
0.58
0.7
14
14
-22.33
-0.97
-0.65
-1.97
0.33
-26
-56
3.12
6
-73
-0.28
-11.86
99
50
-53
-0.91
1.02
45
-1.43
1.27
7
33
-0.55
0.62
-79
0.54
97
4.1
-21
-0.13
-28.5
12
6.2
-57
10
6.0
2.03
1.52
-11
-14
-86
-19
-89
-1.23
-1.85
41.0
1.27
0.92
-91
38
-66
92
-2.1
-2.31
-46
23
3.3
-1.37
-2.04
1.37
0.25
94
-99.0
-9.0
-8
-44
-51
30
-1.31
-65
61
0.07
75
-90
0.2
-47
0.88
0.74
-43
-85
-70
-11
-0.84
-4.31
-0.17
4.93
33
0.95
-84
-71
-0.46
49
-2.0
3.0
-0.17
1
0.15
0.76
11
-1.05
0.91
-70
-85
0.75
-0.35
1.01
1.48
26
-0.29
4.0
-29
-0.55
41
0.22
8
-2
91
-1.24
98
23
-25
1.46
-0.69
-25.0
51
14.6
2.15
-8
0.23
-73
1.01
11
15.0
-2.1
1.15
-91
-0.88
-1.05
-75
-0.08
0.06
-45
-98
0.39
-37.0
-0.49
5.31
1.65
0.62
7.0
1.0
-44
39
-26
-0.8
-0.81
1
0.19
-46
-0.57
-0.17
99
-1.29
-1.61
-2.82
-83
57
0.57
-69
17
1.26
0.31
0.93
-0.71
-2.41
10.83
-46
65
-93
71
57
8.57
-33
36
-0.56
-15.0
3.1
0.25
1.71
0.69
63
-37
-7.8
-81
-4.14
-0.04
-2.83
-47
23
-4.86
-65
-6.19
12
-83
25
-86
-92
5
-0.62
-0.65
-75
72
75
1
54
1.67
0.65
9.0
-30
2.24
1.24
-3.13
51
-60
35
-4.25
-0.31
1.22
-1.22
-58
90
94
79.0
-38
-100
-53
-24
-75
-26
-95
22
-0.26
-5.33
-57
27
-2.41
-10.5
20
-1.06
72
-100
0.89
-96
67
-3.67
0.93
27
55
-0.45
45
-93
-80
70
-73
1.39
78
-1.29
0.97
0.57
1.18
-31
-24.75
18
-1.0
-66
-0.61
-1.86
-0.41
-2.96
-51
1.0
-42
-18
-16
-1.12
-0.59
-0.51
-0.89
-88
1.26
18
78
-1.12
-72
1.26
3.33
-43
79
-0.7
1.18
34
0.3
-60
-2.0
-23
0.2
87
95
1.76
0.3
63
-48
-5
0.23
-35
1.9
1.21
-67
-1.76
-0.08
47
-50
-66
59
-2.25
2.61
73
-3.95
2
-16
38
-0.69
-34
-69
63
0.56
4
-42
7.45
17
-35
-27
-29.0
-34
35
-2.92
0.42
-56
-60
-66
69
7.25
12
68
97
0.26
-91
0.81
-19
-31
-0.16
0.22
6
1.08
1.07
46
-1.8
-3.92
72
-5
-52
32
-85
2.95
-95
-5
1.64
1.08
-18
-0.02
0.28
-52
1.39
-50
0.5
-18
0.62
-58
-0.04
-33
-28
-56
1.9
-0.34
25
57
13
-58
38
-5.3
-1.04
92
-2.06
-0.33
-1.79
-5.91
74
5.5
-41
-0.75
-72
43
14.67
93
-1.15
-71
55
92
-0.15
-1.04
81
19
-68
60
-27
-1.57
0.27
-0.57
0.75
-73
0.35
0.52
0.23
-1.08
-0.33
-4.18
0.74
-0.89
-0.76
1.3
3.0
6.67
1.36
3
6.5
95
30
17.0
-56
39
-0.15
-72
77
-2.03
13
1.6
-15.17
-88
60
-20
-0.02
-82
34
-15
-37
-0.57
-44
-1.05
-2.17
0.81
-1.32
3.33
-96
-0.41
19
87
-81
-0.14
34
-0.88
-33
35
1.06
-4.0
2
0.04
-2.93
-81
70
-22
-61
1.46
5
0.33
-0.58
-41
95
21
-76
0.41
-92
92
-62
15
1.74
52
-56
-73
48
3.9
-70
-68
-0.79
0.94
-1.41
1.15
-0.18
46
-94
-0.54
-97
-6
0.8
-28
34
77
-0.34
92
-44
1.04
10
-10.12
6.17
-1.6
-0.59
-0.08
-2.57
10
0.38
42
-1.69
-1.49
-40
25
-53
10
-25
29
-0.67
27
27
-1.47
-75
44
1.05
1.35
16
0.24
0.34
4.28
-43.5
0.24
1.24
0.98
1.2
77
-1.23
30
30
35
0.43
86
-91
-0.16
39
98
12
55
59
-0.89
0.47
16.2
8.25
32
0.92
-0.63
-94
58
5.12
-1.12
-45
-2
-68
-11
-39
-23
-87
-36
-27
-1.68
77
-2
98
14
-1.5
-0.89
8.2
-2
-81
0.35
-83
-0.16
-7
2.6
-1.27
1.07
30.0
-96
-13
-2.37
-72
19
38
1.28
87
-0.56
18
-3
1.82
88
-0.96
-13.2
-39
0.63
98
0.03
-5.55
23
0.37
-78
-5.38
3.36
74
1.28
20
74
46
80
6.5
-15
81
59
-0.56
1.17
98
-1.25
30.0
1.13
-89
-96
0.23
-41
50
-72
1.05
-20
12.4
75
0.77
-83
-1.46
-1.76
-0.6
-0.29
-88
-91
-0.95
0.93
1.37
-0.33
-2.33
-54
-0.62
-46
-8
-2
0.1
-1.41
12
20
7.17
1.68
-1.27
-0.92
0.48
41
1.16
-0.34
-6
2.77
-46
-33
19
-0.58
28
-95
35
59
71
51
73
2.0
-2.45
-18
0.28
-95
86
0.21
13
-1.5
2.55
-39
20
1.07
1.02
76
-11
13
-11
-0.79
82
1.42
1.38
1
17
-18
-79
0.14
83
12
0.39
-85
14
1.63
-82
1.74
1.32
2.79
-53
-9
-49
-2.51
-40
-70
-1.3
-2.05
0.55
26
-52
-6.64
-62
0.52
2.95
-49
-19
-4.75
46
13
-36
-37
1.98
-14
-36
100
-3.2
0.88
0.87
-85
-1.61
1.29
-0.85
0.02
-5
-6.07
3
1.32
18
-0.55
-0.1
2.12
1.17
-1.85
-1.71
53
0.37
16
1.8
-2.52
-15
0.53
1.15
0.91
-1.5
65
-36
-1.64
-1.05
-43
17
2.29
0.56
5.47
1.35
-92
-1.33
57
40
-55
0.77
-80
-79
-78
21
-92
-24
0.31
-40
-2.33
13
0.6
-15.0
55
0.71
3
-12
89
-0.74
-0.02
36
1.84
66
-50
-0.22
4
80
-77
22
-5.86
25
-2
46
0.88
-34
-82
17.8
5.3
3.29
-0.84
0.03
-26
-0.85
-0.04
-1.15
0.94
0.52
94
49
-0.91
7.0
-3
-60
61
-0.82
0.87
5.21
-91
17
-0.06
78
42
-2.16
-93
1.84
-97
-86
-1.12
18.0
-19
1.17
12.0
-0.46
0.48
77
0.73
0.68
29
73
-80
-0.75
0.85
-0.63
79
30
1.04
-2.04
-17.25
0.12
1.15
-74
1.15
0
-25
74
-1.09
40.0
53
34
-5.93
66
84
21
-2.0
-5
-0.19
-27
73
-8.86
-96
0.25
-0.05
11
-24
-0.8
0.53
0.83
-86
0.71
-3.62
-3.67
66
25
-2.47
-0.69
-0.75
-22
92
-3.24
9
-0.48
-63
-32
-0.25
-36
-0.6
-5.17
-35
-90
-2.17
0.32
1
-1.38
0.13
7.71
-0.74
-99
18
0.31
0.19
49
0.73
0.25
7
-0.75
-50
1.85
-83
-85
0.02
-0.68
74
58
65
0.89
54
12
-43
50
-0.6
30
-0.62
1.31
1.68
-4
-73
-74
0.06
0.96
1.06
-2.1
-1.75
24
26
80
-5
-54
0.15
33
-0.14
-1.12
-1.17
55
1.32
-3.62
14
0.54
5.88
64
49
-80
-0.26
-1
-95
-4.35
10
-59
-21.0
0.94
-1.01
0.96
-1.63
-0.21
28
1.94
-68
-43
0.91
34
67
60
16
-35
-80
-0.88
-0.97
96
52
-2.81
-97
43
-1.95
93
-0.98
0.49
86
-77
-0.74
0.4
1.01
34
-1.36
1.09
-34
-0.57
-0.11
-5
0.52
-37
1.0
3.4
-8
-89
90
4.33
0.05
83
-0.37
-0.2
-1.45
1.08
-1.17
-0.98
50
10
-1.24
22
13
46.5
-1.19
-0.21
0.29
1.86
-5.06
-23
-0.15
-0.71
-0.32
0.14
-98
-55
1.33
3.18
0.13
-50
76
19
67
54
20
74
-3.21
90
-59
-56
0.86
0.31
-7.08
-94
25
-1.15
-1.3
-17
33
-38
53
-83
-6.73
-0.75
32
-45
-0.12
-4.38
-0.03
16
-0.2
-1.01
-1.01
0.9
-93
-0.76
-64
4.7
81
-74
41
-21
66
1.69
-20
-46
4.21
6.46
-0.94
-89
-89
16
-12
-99
-51
93
70
0.02
-0.13
0.95
38
-62
1.42
-40
18
-1.76
-30
-0.27
-42
-39
-0.77
-1.02
1.19
-67
2.56
-66
-8
-34
0.32
1
34
41
95
0
-42
0.06
0.64
-0.52
-84
70
42
-2.93
80
7.0
40
-3.08
18.6
-25
4.5
-86
70
1.0
0.8
0.53
-66
-2.59
-1.25
-0.48
2
5
3.38
-0.87
87
-61
14
33
-26
-0.96
-0.42
-32
-41
-0.93
-63
-0.51
-17
-35
-45
20
-67
-1.32
0.22
-5
90
0.04
-0.32
-0.49
-1.46
-0.68
1.67
64.0
-0.64
-1.22
-84
-1.94
-32
3.42
19
93
0.82
-1.03
0.39
-0.36
-5.35
0.01
-13
-0.49
-1.06
1.87
69
-45
0.3
-0.8
0.47
93
-35
-0.95
-38
1.14
-66
-61
-36
44
60
-44
-0.37
0.58
53
98
-59
2.7
-0.33
1.06
-9
0.58
93
0.28
1.15
46
-55
-27
44
-0.83
25
35
0.42
91
-73
-1.2
-0.51
-34
58
42
0.42
1.65
-18
-0.17
0.88
0.14
0.08
1.86
-78
0.7
-5
-1.26
44
-91
-0.34
1.98
56
0.75
-0.52
-0.44
1.01
-32
91
-0.56
-0.8
7
96
-53
-47
74
-62
-14
99
68
-0.23
-1.97
0.87
10.0
4.87
24
-73
79
0.19
0.71
-46
74
1.19
-59
65
82
41
1.29
-1.29
0.83
-65
-33
32
18
43
-1.0
1.48
42
51
-0.81
0.3
-64
-84
-0.12
0.44
-32
77
1.84
-2.52
1.18
48
-1.2
-62
0.88
26
84
-69
-1.19
-1.18
-15
-80
12
2.97
-94
48
98
100
5
0.69
36
0.45
0.4
-0.46
-0.94
-6.17
3.67
-70
61
-0.1
-0.95
0.12
0.06
-1.01
-83
0.45
-99
-77
-94
-90
16
30
-1
15.25
-45
-0.23
54
68
-22
1.0
2.75
74
22
-11
1.96
-28.67
0.21
-63
2.5
-90
-0.4
1.7
41
2.32
11
62
0.17
58
50
0.3
30
100
38
-79
40.0
27.33
-0.67
-0.69
-6.31
-5.5
-70
-28
-0.85
-85
-51
7.67
2.67
-0.4
-0.22
42
-0.02
75
6
2.88
-85
49
1.02
1.42
-0.94
-83
-0.61
-0.01
0.94
63
-60
-0.23
-44
-91
22
-24
80
-2.36
-1.16
-15.0
87
25
-1.06
-0.47
93
1.9
89
31
1.87
-26
-14
7.0
1.28
-19.25
-11
10
-1.17
-62
23
2.18
-29
1.25
-28
-20
24
51
15
15.2
0.08
0.22
-0.59
-73
79
0.7
-96
-57
1.77
-1.5
18
-16
4.25
7.56
-97
-2.27
-0.71
-95
0.34
98
-47
0.28
-0.02
-87
0.89
88
12
4
97
-1.27
45
-0.54
22
-71
-85
3.26
-7
-0.17
55
-14
1.49
-81
3.91
0.86
0.68
0.89
-0.34
8
66
89
-21
1.05
-0.3
-0.77
59
-30
0.06
81
24.75
0.87
-75
-3.27
-0.18
3.79
-0.54
-10
1.73
42
0.61
44
-5.67
1.21
-0.55
15
-45
-1.41
-0.63
-100
-77.0
1.15
72
3.4
0.49
-0.85
51
-11
72
-83
-92
-12
39
-1.46
-0.91
-1.17
-0.65
-0.75
-1.67
-23
-1.2
-1.01
-0.14
-0.16
-25
48
13
-1.87
-51
-0.03
-31
4.04
0.63
-41
-0.39
-3.36
-38
-42
1.15
-99
-0.52
-20
-99
100
-90
17
1.92
-51
-15
27
-3.0
-0.38
-0.3
1.97
0.39
0.08
-22
30
0.93
1.79
1.08
4.2
-44
-0.84
0.55
-3.42
-41
-0.7
-52
0.44
-45
49
-1.04
-0.07
73
0.55
-4.54
1.11
68
-28
3
50
1.49
-1.1
-4.53
-2.53
-1.87
-14
-70
-0.9
1.21
1.57
-53
-0.23
-25
12
1.08
-0.12
-14
60
7
-3
-17
-61
0.43
-68
0.33
4.06
-21
-20
0.85
-1.83
0.52
-0.26
-3.58
-13
0.64
-59
-76
-96
2.91
-77
40
-58
-6
19
-48
1.4
4
78
3.6
0.96
-0.01
-75
-0.73
97
-0.11
-2.37
-86
1.15
0.94
0.33
-49
0.17
-1.34
0.45
-1.6
30
0.04
41
0.95
-0.86
-7
13
-0.11
-0.11
-62
-5
61
-0.17
22
53
-0.65
98
-18
-4.63
1.3
-65
-0.33
2.57
-0.82
64
98
-0.32
91
-1.12
99
-3.14
-24
-66
93
-10
-0.4
-1.47
-0.13
21
-34
-24
-3
49
-0.69
0.84
0.28
43
-93
95
-8
0.87
68
-0.14
73
-98
0.9
-46
-2.04
1.62
-0.02
96
-6
-68
-53
0.06
-30
-0.4
-0.43
-0.38
-65
62
-12.14
81
-58
-0.78
48
28
-71
-1
0.6
73
-0.9
68
1.96
4.53
63
0.34
-83
-93
39
-0.32
0.46
75
-0.09
0.67
74
-1.09
-30
76
0.58
32
0.25
-96
15
-0.09
-37
-71
-83
-0.6
-51
20
2.83
-2.62
-1.18
0.14
2.16
-82
95
2.59
2.69
0.63
0.33
-4.16
-0.82
0.2
-0.86
7.44
0.37
-0.37
-55
-0.91
1.14
0.88
-1.65
39
0.38
-48
35
-13
11.14
-1.03
-74
-36
-0.06
-96
-21
1.0
53
0.17
31
-9
38
-4.6
-0.39
-56
1.38
-38
-39
0.27
68
-0.73
-2.29
-58
0.31
-69
-69
-8
-17
-0.11
40
6.67
0.9
-14
-22
69
-19
44
-41
89
-4.76
-100
-1.08
-30
0.38
81
1.55
99
-96
31
-1.04
-6
35
0.8
-11.5
65
-3.86
-38
75
-0.44
0.48
0.91
-10
0.76
88
-22.0
1.0
-31
-22
0.65
18
80
-29
2.69
1.26
-1.12
-34
0.42
1
-84
-35
-0.38
0.4
78
-40
-0.99
-0.97
2.0
18
-6.75
35
-1.13
78
-0.76
-27
-0.03
-2.41
-6
0.42
-2.6
7.46
23
85
-35
-18
90
-0.81
-1.76
-0.76
-78
-1.64
19
-1.0
-25
-0.68
-0.5
-6.47
-89
-0.24
24
-4.22
-16
0.17
-1.07
69
-0.17
-70
-0.37
50
-97
-67
1.35
1.35
54
1.96
18
-0.3
-76
0.3
-30
-0.61
-6.0
15
-0.53
89
-1
62
64
-4
37
21
-61
-0.46
-92
5.0
-55
0.81
-15
1.98
-1
45.0
-0.03
-99
0.06
-0.12
-5.5
-68
-65
-80
62
-1.53
0.23
1.27
51
-1.14
-95
60
-1.19
-13.71
72
5.41
-35
-0.53
94
-1.23
32
-1.16
45
60
98
1.67
0.7
-1.52
32
-67
-2.86
0.78
36
1.04
-0.21
-3.36
-0.91
47
46
26
-9
-1.96
-57
-50
3
-88
7.38
0.3
1.35
0.75
-81
17.33
-21.5
3.24
-0.46
31
-40
-76
-84
-0.34
-18.0
-1.02
-26
-1.04
1.28
0.32
-64
-43
-100
72
2.77
47
11
-0.76
-0.73
2
-1.73
-84
-0.05
99
67
-49
-4.29
-1.26
-0.31
-0.44
0.86
-67
0.99
-1.41
7
-1.79
20
1.0
-63
-51
-85
27
-1.29
-53
-0.24
-2
44
-80
-62
-62
-2.29
98
-18.67
16
-2.25
0.97
0.95
3.73
-7.08
-8
-2.14
-72
-39
1.67
-36
-3.56
0.33
-45
-0.56
-1.14
85
-1.51
-1.64
-4
65
-0.48
-58
-0.79
0.12
-0.61
0.45
-22
-0.91
0.54
-1.85
-98
-0.28
-2.07
0.22
-1.0
86
30
0.7
-55
4
-1.25
35
3.29
27
-0.54
-4
-48
-7
-0.34
-94
0.83
2.26
1.31
15
-70
-0.83
54
-40
-0.77
1.45
0.44
-1.55
7.67
1.14
0.82
-1.46
-2.33
41
-5.05
-6
-66
-4.0
-0.16
-1.83
0.68
0.36
-65
60
67
45
5
-92
67
-63
-1.45
0.26
55
-1.0
96
32
1.08
52
-100
96
-0.45
-0.83
4.75
0.59
37
89
-23
79
78
35
98
-0.32
-18
92
1.06
-72
1.08
9
-44
1.2
-80
26
1.21
-14
-81
-17
0.64
7.5
-34
1.12
-81
1.38
0.69
2.57
0.28
-0.25
-7
-1.23
-10
0.61
18
18
-23
-64
0.25
33.0
1.0
-1.73
39
95
-1.23
90
4.0
-40
-89
-66
-59
8.6
34
-97
-24
70
0.69
39
-0.09
0.19
24
-90
0.42
-59
15.67
-35
-49
0.9
10.11
83
-1.85
1.08
-88
-0.96
0.93
-69
1.68
63
-97.0
99
-40
-0.35
-64
20
70
-0.12
24.5
0.8
30
1.78
42
50
-0.36
97
89
1.18
-2.42
-1.32
78
29
1.5
80
-4.75
-32
-0.18
1.05
-85
-0.6
37
84
41
55
64
-94
0.21
69
-1.63
2.82
-2.39
1.91
0.8
0.92
1.38
-7
60
2.5
-0.53
73
-80
69
-0.95
23
22
44
-1.34
-43
0.14
-73
0.08
85
1.88
1.0
26
0.77
-1.18
51
1.08
94
-0.05
0.49
-2
0.59
75
1.82
-36
53
0.95
92
-21
67
55
-70
75
34
-62
90
89
-0.3
-10
-2.94
-59
2
-3
90
-1.0
100
0.41
-32
2.68
45
2.29
-0.78
1.53
-47
1.68
-77
-47
-0.85
-9.2
-12.0
25
0.39
-1.12
-58
-8.33
-33
58
-3.26
1.0
62
1.21
-0.3
-0.97
-25
-24
1.27
-14
-58
0.95
-0.26
0.61
1.92
-0.09
-58
-0.56
22
-0.01
0.8
-61
1.0
95
16
-32
0.49
1.09
18
1.19
-85
0.79
0.92
-1.63
-1.29
49
1.23
-0.18
1.0
0.75
8
-81
0.28
-83
-0.99
77
8
6.46
30
37
87
-47
0.3
-1.71
-0.04
-3.13
54
72
24
20
1.41
69
-46
4.79
-29
-76.0
1.04
-0.58
70
-53
0.16
-2.06
79
-19.0
-0.27
0.53
-97
-1.16
44
-1.86
-13
-0.65
0.93
0.02
2.57
-79
-17
-1.4
6.57
-54
0.52
12.14
-1.5
-72
4.1
95
81
-66
-79
3.84
25
0.7
-0.15
-0.88
14
3.75
-3.41
-32
-89
-92
0.72
0.8
-0.4
-0.77
0.82
-91
0.77
0.41
-1.22
19
21
-93
-1.27
-0.37
0.04
-3.83
63
-3.28
-0.22
0.78
40
1.61
-96
98
0.19
48
54
73
92
3.94
0
-79
-82
-2.5
-0.88
-2.03
-88
-4
-6
-3.58
52
-83
3.17
75
-44
-1.08
0.88
3.03
31
11
21
8
-26
-5.75
0.34
-78
2.1
-47
1.21
-0.03
1.29
-48
-1.08
0.87
17
2.21
-41
21
-2.06
-66
0.96
1.52
-0.01
-9
-66
81
0.72
-0.49
0.82
-0.55
0.63
-0.9
1.22
0.35
20
-96
-4.2
-56
63
6.5
-34
5.12
0.73
51
0.89
82
-70
32
-3.48
-1.15
-0.64
61
23
-0.95
-68
48
-0.42
-0.66
-3.08
-1.61
9.1
1.56
24
-1.82
9.75
34
-3.65
100
-25
1.26
49
-87
-11
24
-11
4
-13
96
-15
-86
96
62
59
-60
0.42
0.44
93
-1.6
-87
-52
4.27
-0.75
0.19
6
0.71
-0.83
-98
32
-21
-13
-0.28
-0.12
-51
-0.79
1.38
-95
-0.81
-21
-3
47
45
-45
1.5
1.45
-0.29
-0.04
7
-0.01
7.27
-0.22
-7.5
-63
-39
0.41
0.66
-10
68
-94
-0.95
-1.18
-90
-0.81
1.03
-5.75
3
-100
70
0.09
-19
89
0.85
1.24
-6.2
-0.21
-34
-0.23
-34
61
-53
3.4
1.0
0.74
-1.5
0.97
4.67
-96
-71
-3.76
-1.11
-1.76
54
-0.29
-71
-30
-0.91
-2.86
93
-7
4.0
-96
-38
-2.57
0.37
-10
46
0.75
0.38
0.6
0.65
-48
-0.41
76
47
0.81
-6
-0.26
-3.39
-65
0.06
-35
30
-96
-0.58
-55
40
-30
77
-43
-0.88
-2.12
16
-89
-2
78
-95
-45
71
97
-0.87
-72
0.18
28
-0.51
-0.7
-0.92
-2.28
0.85
-68
-54
37
56
-93
-69
-80
1.45
-0.15
0.48
-80.0
1.87
-27
-35
-70
27
4
6.69
16.0
22
-4.0
56
0.97
41
-1.39
2.89
-28
-0.47
-27
-1.41
-82
1.52
20
-0.64
0.43
-62
-89
-39
43
1.49
-80
0.2
-28.5
14
-0.69
-26
-90
-54
-78
-54
0.51
70
3
-7.0
57
1.72
1.37
-72
-0.42
-60
-0.3
81
69
-84
1.95
-22
0.67
-24
16
-0.02
-24
-0.19
0.33
-39
-0.5
-75
-1.53
25
4.0
-69
-0.9
-53
74
-88
0.61
-6.2
3
0.24
-2.81
0.21
-39
-25
86
-0.12
14
-2.11
-37
-90
-48
4
87
-48
-6
-0.89
0.25
0.97
-3.91
-91
0.36
-0.02
-70.0
-1.0
-48
78
0.5
-2.94
-0.78
-57
0.89
-23.25
-25
-1.74
1.78
-1.82
-0.48
-1.41
2.25
-0.8
-93
99
1.29
-0.5
0.72
-5
52
-33
-4
17
1.94
22
3.78
1.78
89
68
-63
-50
-28
-62
76
17
-0.58
2.12
0.91
-56
10
8.8
-43
-0.73
1.64
60
-47
-34
-0.63
-0.7
-0.89
2.26
-48
-50
1.0
-1.11
55
17
48
4
5.18
-1.97
-1.3
83
98
1.58
5
-1.75
-42
2.11
-6
-5.88
2.43
-1.44
4.81
82
41
-1.26
-28
-45
1.03
0.15
-82
77
-29
13
1.4
32
-1.2
-80
2.27
0.52
0.35
0.67
-1.31
36
14
-2.48
-36
-90
-63
-7.5
-43
-11
48
-4
-35
13.0
-79
-17
-1.11
22
-5.58
-41
-0.87
-0.91
-1.66
-0.79
-2.29
-0.03
-82
-15
-61
49
7
1.74
50
86
1.85
-0.69
-0.03
0.98
-2.76
-99.0
35
49
96
-0.05
-3.0
1.0
21
0.85
12
44
33
-2.5
83
-42.0
-0.23
-42
1.82
95
-0.46
58
-93
-1.31
30
91
-97
96
-1.44
-56
0.06
30
-1.75
70
5.0
0.31
1.3
18
-39
-68
-4.06
0.17
-2.43
6
1.13
83
0.88
0.82
-11.67
1.21
-87
-88
-86
-58
0.72
0.03
1.03
-7.62
63
-4.94
76
-30
-75
-0.41
-0.62
-72
-68
-2.23
2.43
76
-1.26
-19.8
97
-96
-27
92
-1.22
-0.69
11.88
-50
0.86
-19
-29
-39
-74
-0.62
5.69
-0.79
74
-0.84
-83
-2.23
23
-29
-2.55
-73
-81
-0.71
17
0.71
-3.04
1.25
1.94
-4.04
60
6
-50
2.1
2.82
-90
-33
-1.09
0.05
2.04
18
-1.06
-49
-3.65
5.16
5.5
-1.4
-75
-0.08
-3.57
94
-0.74
-0.07
0.07
0.83
42
-73
97
-17
0.06
97
-46
-1.05
-74
89
-1.34
-0.31
91
-59
8.55
1.11
-81
0.78
11
-2.15
-17
81
-0.34
77
-18
-87
84
-1.4
35
-61
-0.8
70
-1.43
-2.33
0
61.0
-0.53
-0.22
88
-2.92
0.05
-0.13
-1.34
0.42
-40
5
7
-29
-6.86
1.04
-43
-90
-1.82
1.41
-75
-16
4.61
0.83
12
0.48
3.74
-28
90.0
100
-5.07
0.79
-1.01
3.21
-0.49
-67
-61
-0.51
71
0.1
47
-96
1.25
-0.95
-0.16
97
-65
-1.36
-0.25
-0.57
-0.88
1.02
-99
72
75
-1.64
83
-3.13
2.17
0
53
-44
0.28
-54
67
0.3
21
-2.03
52
0.47
-34
61
37
-0.22
-72
-19
-1.08
0.08
5
-1
9
70
0.07
1.97
23
-41
-67
-69
46
-5.07
0.78
40
-2
-8.62
2.13
0.58
3.11
28
-76
-18
-13
35
0.02
-71
71
70
13
0.44
1.21
66
97
-10
0.3
4.22
-26
0.75
-3.61
97
76
0.3
-74
1.49
1.74
-95
0.95
-2.75
1.09
-45
0.34
-0.87
-68
-41
-63
2.66
-2.42
-45
56
-0.5
11
0.43
37
-0.04
43
-0.53
-1.04
1.42
-0.14
-22
10
-0.24
-55
-7.75
0.45
1.42
0.03
-64
77
-0.74
1.46
-45
14
75.0
49
7.54
0.46
45
1.57
2.91
93
-96
64
-57
-0.8
83
-46
-36
-36
-0.88
55
-31
0.64
-0.38
38
-27
-31
9
-1.24
-36
0.62
-1.22
-22
0.82
36
4.0
-97
78
-1.17
-15
-3
27
-40.5
-8
-71
1.35
-0.84
-0.68
1.5
-0.88
-57
-1
90
-3.33
-1.33
26
57
-52
-0.07
0.46
41
0.27
0.42
-1
1.75
8.67
-40
-41
-18
-16
-1.27
0.94
1.19
-53
0.41
-1.02
98
48
0.53
-0.61
5.4
1.65
-41
1.53
-2.0
7
-100
-1.62
5.21
40
-4.56
-1.59
0.84
63
0.37
-55
0.58
-1.23
0.91
-24
-0.43
96
-13.33
0.28
3.75
-11.0
-1.08
-0.29
0.81
7.33
89
1.14
1.52
-0.37
97
-2.97
-47
-0.08
35
75
14
-0.27
2
59
0.86
-54
25
-2.19
0.11
-2.83
-49
-49
-49
76
10.0
-1.15
-31
74
-3.25
0.87
0.29
-24
-0.14
9
56
-0.85
4
74
-82
-2.67
1.8
4.13
0.48
17
1.73
0.08
54
-16.0
0.22
-59
0.95
-0.27
72
17
-2
0.13
1.36
-41
-90
-5.29
-2.91
-49
59
0.94
55
51
0.93
-38
66
2.11
89
-0.39
-0.51
51
10
1.69
1.04
-1.25
43
-0.81
-0.06
4.3
-0.15
45
-0.05
-1.41
57
42
-85
-63
0.15
45
0.79
0.4
26
2.29
-1.24
-0.38
-67
-61
75
-10
29
3.27
-2.21
0.7
-38
-1.63
-55
-12
-11
-0.28
-1.19
0.74
-100
63
-0.25
3
-0.62
-1.55
-0.4
2.04
-0.49
0.45
29
35
0.53
0.67
3.21
5
-0.13
1.57
25
0.76
-1.74
6
-74
9
-2.61
47
0
48
0.14
-1.44
30
56
-0.86
-96
-3.53
0
2.84
-1.04
-0.88
-0.05
1.35
0.25
-56
67
-3.29
-49
-1.41
0.21
43
-0.77
-0.25
28
0.74
2.16
-7
-5
-88
-37
15.67
-76
5
0.45
-35
-0.29
-1.36
0.21
1.39
22
-2.43
-1.17
-79
0.8
-43
-0.98
30
-43
-2.4
-1.1
2.76
2.55
1.25
-0.98
8
14
72
-97
0.14
0.56
-28
57
82
0.64
-0.92
-1.12
-1.46
-0.68
1.63
65
1.04
1.17
-0.47
-0.79
0.88
-0.92
-69
1.3
0.08
38
27
-0.66
76
-48
5.44
-0.12
0.3
1.35
0.49
-1.52
-1.1
3
40
-0.79
-29
-0.89
-1.81
16
-0.2
-0.82
11
-1.06
-1.18
-3.6
-98
-4.64
-0.84
72
54
63
5
4.67
-2.42
0.95
96
82
-73
-0.51
-33
4
0.87
0.45
33.0
-11
24
0
1.68
0.89
92
0.77
0.35
73
12
-1.16
24
0.23
1.06
-5.19
-42
-0.02
-31
44
0.08
-46
55
1.46
-78
-60
-44
0.16
0.06
43
98
2.5
80
13
-92
2.53
1.04
-1.11
0.58
-1.31
-88
-1.67
1.43
31
2.86
-0.47
3
0.36
-64
-2
-44
-49
2
71
3
96
-81
-0.77
0.58
-0.04
34
-0.15
0.23
0.29
1.17
0.47
4
-94
62
-41
0.78
35
-3.18
89
83
-77
3
-70
-1.91
-1.86
-0.56
-1.11
-1.11
0.46
-94
80
83
16
-2.08
-0.96
1.48
69
-0.47
-0.06
-70
26
-0.67
-1.39
6
34.0
-8
0.56
85
55
-9
-0.58
9.3
-10
0.54
2.13
-1.47
-2.38
-14
-0.64
-0.55
-1.39
1.37
7
-1.0
1.0
-54
-37.5
13
-1.3
-58
-6.0
27
2.16
-83
7.1
-66
2.18
-0.49
-53
-17
-0.57
-10.8
0.54
-84
25.0
-10
8
-38
-72
-71
-1.73
30
-0.83
-1.18
19.4
-2
-1.27
-0.66
-84
1.5
-0.12
0.14
3.93
-44
1.94
-1
-12
-29
96
25
0.76
0.49
-27.33
83
-1.29
-1.08
7.57
-19
54
1.11
-0.47
44
-35
-52
2.09
99
-0.49
1.98
-8.57
-0.93
-47
-5.0
2.53
-53
-1.02
-0.01
0.48
2.84
-1.29
0.35
-36
0.93
2.0
1.39
-0.68
-0.72
-2.78
-13.67
35
-31
0.91
-49
-0.49
-4.11
-31
-0.77
-1.88
-0.49
-89
-1.92
0.17
0.95
0.95
-31
-62.0
-0.06
-57
-0.18
-1.64
-69
0.25
1.16
0.94
-1.09
1.23
-100
50
83
0.29
-0.94
69
46
27
61
0.02
1.63
95
35
60
-16
61
-0.2
21
-0.83
1.25
3.46
-12
-2.44
-6
-60
-86
-81
0.88
-73
-42
-94
88
-54
-0.13
3.08
-38
-2.24
2.13
64
-1.33
-49
32
-100
0.25
0.23
0.93
82
-0.59
1
-37
0.19
0.22
77
1.6
-35
-97
-1.89
-1.34
52
8.55
-0.63
-2.27
-17
-1.87
0.84
82
-45
3.37
0.24
0.99
-38
0.86
6.14
-0.04
-5.0
-60
-0.28
34
-1.36
47
72
-6
-0.71
-90
-1.02
-59
-0.43
0.88
25
70
1.28
-11
-25
48
0.76
2.9
-30
64
-55
0.44
84
-0.65
-29
-8.8
-0.49
-2.81
-70
2.88
-1.07
-11
-8
-80
20
-0.99
1.26
-32
1.19
-3.55
90
38
-8.45
0.26
-45
3
99
22
1.32
6.46
1.39
-83
-1.32
-8
-0.19
-1.04
-59
0.08
-0.36
-1.18
36
1.17
-0.94
-0.56
2.05
1.11
-0.59
-2.88
66
2.07
-0.93
-18
96
-7
-1.54
18
57
-46
2.12
22
7
-0.32
-24
0.56
-56
45
0.22
-1.26
0.56
-1.6
-95
-1.67
-99
0.04
-84
-88
0.91
2.09
-30
-0.06
81
-90
29
-1.97
-61
-38
0.93
10
2.52
67
-93
0.64
-100
3
0.62
49
1.0
-75
0.27
40
-34
1.25
69
-0.8
-2.04
51
-0.78
0.99
-0.36
0
1.0
-78
-1.04
5
-52
-54
1.37
83
97
80
96
-8.91
-26
-0.52
15
-13
0.87
33
-32
2
0.58
-3.78
-100
2.09
-28
74
-0.21
1.25
-85
1.21
11
-95
-98
87
1.2
-20
4.71
0.15
-0.72
-0.47
-0.72
-6.67
20
11
40
-0.63
-6
1.78
-71
0.58
-0.99
1.0
-87
-3.96
0.2
6.22
38
-35
74
1.06
-19
-0.24
1.21
29
13
3
-2.42
-0.31
-11
5
42
91
-93
1.14
-1.75
-69
2.18
100
0.91
-55
0.7
-0.13
-0.06
56
66
-91
-6.0
-0.29
29
8.4
-62
-40
94
-30
-1.07
0.11
-18.33
-49
-97
-2.5
0.93
-3.0
83
0.11
68
-53
-85
18
97
-57
-2.41
-0.59
-2.31
-0.75
3.38
70
-0.06
-0.75
-1.51
-0.12
-81
-37
20
-59
4
-0.69
17
41
-0.62
-0.85
-25
51
5
-50
-88
-0.64
-74
1.11
-52
66
43
0.59
-1.89
-54
2.85
87
-64
-5.14
-1.2
-1.41
-0.79
0.24
-81
2.52
-7
52
5.19
0.94
3
-74
-85
2.72
-11.14
-77
75
0.34
0.23
-7
79
-2.5
0.35
-1.75
-0.51
-0.55
-0.73
0.48
76
0.58
-80
-2.33
0.07
0.61
33
-0.6
-0.84
-1.7
-13
87
-0.5
57
-30
-72
-2.58
-4.67
-62
54
2.08
-0.59
-85
0.95
29
-0.47
-52
-85
3
8.7
5.38
93
72
-34
94
-75
36
0.57
-84
0.64
-58
-79
-65
59
-64
0.23
-11
1.01
-93
-77
-0.37
9.2
2.25
3.0
-0.63
-29
-0.29
-5
47
-8.78
-76
53
0.04
-0.69
67
0.19
0.6
30
-1.97
13
0.56
-0.87
-8
67
-0.17
-7.58
-100
99
-56
0.96
53
1.27
-93
5.75
57
6.0
0.8
14
0.25
-58
43
-1.78
54
-0.82
-96
3.11
-58
0.33
11.33
0.18
-5.38
0.45
36
-63
-1.16
1.86
-10
12
-1.5
-0.42
-1.92
-3.68
-3
3.0
1.05
0.33
-11.38
-42
0.63
0.08
-3.0
-1.38
-19
-9
-48
-1.0
54
8.0
-1.03
-36
-57
0.19
4.18
-0.21
0.62
-0.23
0.68
-97
-1.0
-1.09
2.17
-34
52
-8
-81
19
0.78
-24
-1.13
2.41
14
0.47
14
0.27
-0.36
-49
0.09
2.15
-95
-75
87
0.37
-99
89
99
1.0
36
35
1.94
66
0.83
-22
-0.62
-92
95
0.44
-0.28
-0.69
-0.36
12
0.04
-7.0
-0.78
53
0.3
1.2
-84
-0.5
23
-0.34
-30.67
-71
-94
-5.0
40
55
-2.97
-0.6
0.32
-2.57
-1.76
0.73
0.85
0.83
-0.75
-1.78
0.66
-16
67
4.72
-0.15
17
70
-16.0
15.4
-2.15
-0.71
1.35
0.63
0.32
-17
84
-87
0.24
-0.5
0.56
1
0.25
0.01
-79
0.08
-66
-12
-6
92
-78
-0.45
-32.0
70
-1.92
-0.4
-0.55
-66
-81
1.23
78
-0.7
68
-0.31
64
-13.5
-93
-2.0
-1.5
0.59
-50
0.85
-92
75
-1.0
-7.25
95
-2.31
-52
1.08
38
-99
0.09
-0.84
32
-5.6
72
0.54
24
-29.0
3.5
25
-0.67
36
-43
5
-0.24
1.61
-43
-51
-29
90
24
-23
-66
-20
-76
19
-0.81
0.2
22
2.33
-3.11
74
-94
-0.2
2
-73
44
-1.08
18
-0.78
-0.26
-1.81
0.18
14
81
2
0.17
-30
0.18
0.5
-35
47
31
-0.97
-1.64
3.42
0.67
7.46
-1.74
-0.03
12
73
4.3
-92
-13.2
0.2
67
-0.75
-0.18
-1.44
-80
-2.24
-21
-0.77
17
0.86
-54
-3.35
1.13
-85
1.16
2.04
-20
0.86
-88
5
40
90
98
-3.05
-1.73
0.67
-90
1.0
-1.77
-6.5
-65
-43
-1.46
27
-89
-68
-74
1.97
-86
-53
-3.2
-26
-3.86
-21.33
-57
100
1.09
24
0.35
57
-0.07
94
-0.49
12.25
-24
-0.42
33
-0.21
1.79
95
-68
-66
-96
-0.25
1.12
15
-4.07
-58
-2.91
-0.53
-34
0.7
83
-55
-80
-34
-100
55
0.38
0.61
0.3
-21
-0.12
65
2.42
26
17
-35
3.24
-0.31
1.98
-0.56
0
8.56
51
11.0
-1.91
91
-45
-1.11
0.78
88
42
-1.23
87
-4
-15
88
46
12
-2
3.75
33
-40
-27
0
1.4
43
-0.83
-4
2.25
-0.59
-0.12
1.2
60
1.38
-16
64
-0.47
-71
-32
-57
0.1
-99
-1.1
-43
-2.15
-3.2
-0.22
0.5
-0.37
-1.53
-0.23
1
71
0.95
-2.0
-31
11
-0.54
86
21
6
-0.68
4
41
4
0.56
-48
-1.63
16
-64
23
-61
-3.67
69
1.71
-0.83
0.28
-21
0.88
0.89
-26
-0.35
23
0.55
-96
-59
-74
31
0.64
96
27
64
21
-1.48
-47
-1.96
-71
-61
-1.01
-0.75
90
-0.24
-79
-0.32
96
-0.42
-3.83
30
0.42
61
-2.85
0.8
96
3.21
0
-22
-0.39
25
-65
-53
40
0.76
14
-2.41
-1.21
9.2
-18
-0.09
96
2.07
-3.81
30
-1
-76
2
-27
-1.54
-0.41
1.66
68
-3.23
-2.23
1.71
42
6.0
-0.52
-39
27
40
-0.57
1.08
-1.18
0.51
-16
53
-83
-42
0.72
48
0.75
-1.72
52
1.18
4.89
86
-34
0.17
-8
-1.64
-0.59
93
-62
1.24
1.97
-88
26
17
0.6
-2
-4
65
-6
-47
-36
4.79
-3.14
-37
0.78
0.73
-0.26
-64
-0.17
0.39
12
4.64
-76
-2.79
16
45
25
-0.19
85
1.22
-10.71
12.0
-0.33
2.05
-74
1.97
-72
1.24
-0.22
91
17
10
-74
-9
41
70
0.94
-86
-39
100
38
-92
-82
-1.04
-1.56
0.07
2.02
0.48
-40
0.04
-0.57
2.0
-0.08
-12
-25
-0.91
81
-0.92
-1.7
0.46
-46
0.31
-1.46
-54
-0.53
46
56
-0.55
-65
46
0.93
-3.2
0.67
99
-88
5
0.92
0.54
-0.03
-46
-43
0.79
99
-42
24
0.99
-2.42
0.78
83
76
-50
44
-30
-0.42
41
0.72
58
80
-63
30
-0.03
51
-100
2.04
-34
0.2
49
0.86
0.84
-24
-0.1
-3
-60
-5.17
-0.07
-0.46
1.12
-14
1.43
-1.49
0.11
31
44
-89
92
27
1.58
-86
-75
-20
-20
-0.51
-5.46
-0.15
-3
83
-19.0
-1.89
-32
-9.33
-88
0.33
-76
-0.59
1.12
-0.12
20
-0.61
38
-6
51
1.07
-0.48
-77
5.0
-18.0
-73
23
5.79
-86
-1.1
3.91
-77
0.96
56
4
-72
32
-59
-37
-0.36
3.55
-16
-2.38
-25
-18
-70
46
1.73
-1.09
60
3.78
-0.05
0.63
-14
0.31
0.47
-0.1
3
-4.23
0.36
36
-73
1.71
-14
15
-9
26
-13
48.0
-0.21
-1.29
39
0.19
-95
1.13
-95
-0.8
-13
-54
42
2.86
65
-81
66
1.45
9.4
-0.94
98
-64
-1.1
48
-1.7
0.79
1.1
-88
24
-0.5
61
-1.08
-81
54
-65
-0.89
0.84
67
37
79
2.4
2.76
59
2.0
0.77
46
0.22
1.93
-36
6
69
-48
-57
-0.68
-95
-81
-69
-0.34
75
34
-45
69
-0.26
-15
17
1.43
-1.81
84
-1.04
73
1.44
37
-1.54
58
92
-62
-87
-37
95
-3
44
-21
-0.83
-68
89
90
-33
-1.23
94
0.08
2.59
-82
-0.41
0.91
1.54
-26
0.18
70
27
-0.45
0.83
-50
-0.33
-91
0.96
67
0
82
74
-0.77
8
-47
-1.0
6.12
66
57
-1.4
-0.22
23
-0.09
2.19
39
-0.96
5.62
-11.5
-41
-97
2.39
-59
-0.32
-0.39
43
75
9
0.85
-8.5
1.38
0.37
-1.15
-84
-93
-2.19
0.75
34
96
-45
54
3.0
36
32
-20
-0.96
-0.55
-0.16
0.98
-32
90
0.44
-93
12
76
0.18
0.97
-1.0
0.85
-2
-98
12.17
27.0
1.06
0.82
0.1
-52
-1.52
1.6
-1.2
-2
1.02
-2.06
69
2.67
1.18
-0.05
17
70
-0.73
0.56
14
0.16
-51
-2.29
-88
83
-85
-0.61
-2.46
-2.13
1.03
-84
-8.83
-0.61
25
-1.94
-73
-31
0.07
-0.18
-82
1.0
68
0.76
-32
26
65
-77
0.21
0.89
-0.89
-91
99
68
-19
10
-0.01
-15
0.65
0.17
-20
5.44
-2
8.08
0.81
-0.88
-0.98
1.04
-0.63
1.31
66
0.3
0.08
-37
96
72
0.73
0.96
49
1.48
-0.4
61
-23
0.11
1.87
-0.12
-74
-0.73
-1.55
-48
1.25
51
-0.27
-59
0.95
90
-2.69
21
0.38
1.15
8.14
-75
-15.0
-79
96
0.62
65
42
1.24
31
-33
-77
-3.46
-0.2
-0.85
0.26
1.04
36
-0.86
26
22
-92
0.07
-75
1.05
64
1.71
-52
-0.67
0.81
-1.13
85
-3.0
-3.18
-0.42
-0.36
98
1.83
0.67
-0.41
-2.17
2.42
-2.41
-4.7
-0.85
-1.0
49
31
0.38
35
91
8.17
0.92
1.2
1.0
51
-1.56
38
-1.56
4.7
55
54
21
0.03
4.6
-1.29
-0.77
36
0.5
-14
-0.38
-91
-79
71
-33
-22
-13
84
1.38
3.17
0.34
72
-0.13
-20
0.55
-0.99
-30.33
-20
-41
0.75
0.54
1.38
-29
-7
-2.6
-54
2.53
-96
-5.21
-4
-0.17
95
1.29
-6
9.57
-1.0
-43
-1.57
0.24
-93
0.98
0.31
0.94
-5
58
0.87
0.85
99
-81
9
-54
47
0.63
18
54
20
86
-13
-0.25
-36
-2
0.72
3.21
26
100
-66
-45
-0.55
-85
88
-78
-100
79
-23
-66
0.1
-0.6
54
0.45
-22
78
3.3
-0.38
0.16
0.18
-32
-0.38
-0.62
99
0.27
0.56
49
-1.75
-0.48
-2.21
-54
-16
-33
0.88
-55
-0.23
-1.62
82
-0.5
82
42
80
62
5.07
-0.87
-0.11
-1.14
0.21
-45
15
-42
-29
-94
-10
1.0
-3
-1.55
-7
-41
-50
-63
-17.75
53
9.83
51
-0.63
-7.67
88
0.81
-6.25
60
6
1.24
-1.45
1.32
85
-0.11
-30
-13
28
-79
72
53
0.35
1.55
0.74
0.79
-15.75
83
52
-68
-0.46
-38
-0.22
-50
0.87
-19
2.52
-42
3.35
24
47
-72
0.28
-2.77
14
-66
-3
-52
-34
32
1.33
1.1
17
-1.17
72
-0.74
-1.62
-0.68
-0.43
-0.7
-11
0.58
-23
-18.6
82
-4.78
0.06
1.05
-50
29
-3.33
40
0.35
-44
-1.21
0.08
-16
5.33
0.5
-13
0.69
-89
-7.33
-42
-1.05
-93
-12
0.02
16
0.57
-23
-0.29
-80
-48
-69
-0.81
-17
-0.17
0.53
-56
-1.02
10.0
-0.9
61
0.22
1.06
0.92
0.43
-1.04
-1.18
75
51
1.23
-4.63
22
-1.88
-0.18
1.24
-1.13
0.75
-0.68
92
0.75
-100
-0.07
2.0
-94
-1.33
-90
62
-0.28
-0.12
-46
50
0.81
0.08
-1.95
0.64
-1.16
-44
34
62
-0.05
-37
51
64
-0.78
85
-55
58
0.21
58
22
-0.66
-64
60
1.31
-84
-3.0
-4.5
-25
19
-0.73
-19
58
-0.9
21
-1.16
1.07
-1.48
21
-89
0.98
-1.2
1.68
51
0.63
0.33
86
-93
-44
1.34
26
-1.77
50
45
-85
-0.43
3.73
33
-0.44
-68
34
15.0
-0.26
72
0.35
-33
1.47
-16.0
1.69
61
-1.03
0.02
-8
-3.57
-39
1.76
36
96
-0.29
54
3.52
66
37
0.04
-3.12
-17
99
7
83
-0.92
5
-0.41
90
74
-0.74
68
1.63
-0.88
50
-4.3
97
-8
13
-37
0.38
0.56
-0.75
-5
13.5
-7
-62
1.33
0.31
5.83
0.26
-0.19
2.29
-61
-0.36
-16
-4.72
-1.18
-61
-79
-0.21
1.38
0
-2.86
-0.88
15
40
75
-0.25
-0.6
39
-0.22
1.15
-76
-98
-93
-45
0.29
1.95
11
-61
48
75
12
-98
0.12
-73
66
-1.04
-31
1.5
-43
-6
-3.24
-95
68
80
-1.76
-4
-58
24
-83
68
-44
81
-37
20
-0.71
93
-0.56
93
1.15
-39
1.02
-27
0.2
-19
1.4
-79
-1.35
-92
-0.02
0.8
60
-1.96
0.48
-0.62
0.61
-32
-1
-0.61
23
-4
-0.39
-74
1.48
0.31
-21
-17
52
87
0.65
-0.38
-57
-0.93
14.0
3.0
1.89
9
95
0.66
-7
0.41
61
1.18
-86
-1.49
-0.55
-0.32
-32
35
54
28
-88
51
1.8
61
0.7
18
3
71
0.72
0.15
-82
-1.03
92
23
-6.33
39
4.88
-1.1
67
1.02
15
2.36
0.84
-32
-9
-6.1
-0.8
-8.0
47
-1.86
-0.03
0.85
-14.33
-0.53
3.31
-39
-47
14
82
27
2.43
-4.75
-76
0.07
0.74
21
39
-0.87
2.04
-20
0.76
-62
-7.36
95
0.76
-0.63
0.49
1.13
-11
2.21
65
0.5
-91
-0.51
-1.02
10
1.53
-55
45
-1.43
-8
-2.67
3.57
0.14
-0.32
69
-63
64
79
-1.2
-16
19
-42
-71
0.61
-92
1.31
1.0
-1.79
-0.31
-74
-1.76
-0.99
-0.51
97
0.82
12
0.54
-78
-73
-2
-46
2.2
-0.46
30
-53
-99
10
-2.22
1.12
-57
-0.76
-6
-100
-15
73
-1.59
-0.66
-3
-1.41
3.79
0.11
-0.4
-0.3
-0.73
-66
0.66
-74
-9
3.95
21
-0.44
0.57
39
-92
85
-1.8
2
72
-0.86
44
-3.0
-22.33
0.63
-1.68
0.49
-2.06
3
-0.77
6.53
99
-21
-14
-16
-1.35
0.26
-7.83
7
78
-3.78
-67
-35
2.5
-55
-16
-0.66
0.49
46
-86
0.24
-41
86
0
1.01
1.41
-3.08
-18
97
-61
69
-0.75
-18
-82
0.82
24
3
3.41
-0.28
-0.65
-89
0.08
-0.43
-2.88
77
4.07
70
80
1.23
-54
-60.0
-48
4.14
-13
-72
76
40
56
37
3.0
36
-2.7
-8.33
-0.96
66
63
-30
-0.3
99
85
-52
-0.17
-0.94
49
0.62
-0.46
-0.17
0.4
-50
1.05
84
34.0
-61
-0.71
-9.75
1.08
53
5.2
0.9
23
0.06
-4.5
44
-0.64
66
43
2.86
-0.77
82
4.93
-47
-60
-79
-84
85
1.8
1.9
0.38
-71
0.45
-66
-0.26
-0.78
-0.15
-74
-54
-3
47
-61
-0.95
-0.58
0.15
1.34
-92
0.01
-59
-1.76
-0.38
-0.53
-40
-15.0
1.42
2
-1.63
4.0
-0.8
3
-78
0.5
-18
-35
7.6
-100
0.94
-0.99
24
-2.52
-29
-1.97
0.59
1.12
-91
-57
-40
-88
0.82
-4.33
-1.34
0.65
17
-1.4
-46
-6.0
9.75
-1.06
12
0.07
-0.18
-1.8
-80
2.3
-1.61
-12.75
-0.76
-0.29
-60
-0.75
1.14
-0.01
-0.97
0.33
-0.45
-0.87
57
29
-64
-1.56
0.89
1.11
3
-1.25
56
1.01
0.22
-0.76
0.16
-12
0.29
-12.25
-20
-6.4
-1.71
-4.0
0.55
31
65
-0.16
-1.24
32
1.27
1.65
-0.46
-42
0.87
-0.11
-2
-89
63
45
0.91
92
2.29
-52
0.61
-0.98
58
-9
-88
44
38
-0.92
1.05
64
-41
-1.21
-29
-2.97
53
81
-51
2
-1.21
-85
-78
7
68
4.57
0.09
-1.15
66
-58
44
28
-80
0.93
96
-0.63
-4
1.39
0.46
-7
-0.41
-22
-99
93
-61
12
92
1.38
-1.0
6.22
-12.29
28
-5.25
4.0
35
-51
-16
97
-30
-2.54
22
-0.08
0.71
-41
36
-0.36
-70
-78
2.2
0.24
88
-1.07
51
-32
-0.33
0.31
-89
3.32
46
-7
-18
-0.45
-23
-5.82
0.74
-31
62
0.28
-0.64
69
-1.23
82
95
22
-0.96
-1.9
2.91
0.08
39
-0.2
21
-0.05
-99
0.95
86
-0.91
57
78
0.15
53
0.73
8
62
-0.34
-0.77
-93
-78
71
40
31
4
-80
-1.05
42
-1.5
0
3.33
14
-0.09
40
-1.15
98
0.64
52
-1.24
-53
4
-16
-86
12
-73
1.35
-19.25
-0.95
1.25
1.17
55
-0.78
97
1.73
-0.87
1.05
0.22
-19
85
1.14
61
26
-93
-1.68
1.37
-66
-0.51
-62
-1.02
0.1
-2.72
-55
-0.74
0.69
51
-27
3
8
29
-71
10
-31
-76.0
27
-2.0
-97
-63
-11.0
-77
10
-0.85
90.0
38
-53
-13
0.88
1.36
-96
54
0.29
0.99
-31
3.73
-0.67
2.0
41
7
-60
-0.14
30.5
-1.36
-81
-0.6
-85
-4
-58
-95
95
-4.75
0.8
36
-6.0
-52
90
-0.43
4
-1.96
-59
4.69
13
3.17
77
-4.54
66
0.15
-75
21
-8
21
82
53
72
-0.29
63
-13
-9.71
72
-0.23
0.53
-0.61
-1.92
0.84
1.51
-2.18
60
-2.7
2.0
-1.14
-3
48
-64
-31
0.62
71
1.32
-0.37
-65
-0.51
-1.23
23
-77
10
-0.02
2.92
63
-7.25
0.42
-24
14
36
59
1.38
-0.88
-98
26
0.78
1.09
-0.97
-0.55
0.83
0.37
43
-0.33
-71
-1.02
-62
-82
-67
11
9.0
-51
-40.5
12.67
0.2
-46
-0.62
0.29
-0.69
-92
69
74
0.86
2.21
3.19
0.19
-2.11
-68
82
1.28
0.11
0.73
-25
30
0.77
-93
0.85
-72
-0.53
-1.29
-84
-91
-52
-1.08
-2.38
-0.74
-1.16
0.64
65
0.27
1.59
0.07
-55
-0.16
1.06
3
-2.33
90
-77
-0.65
8.0
0.27
-1.67
7.31
-50
3.38
-0.63
-0.68
-89
-48
65
-0.72
-12
27
1.43
-1.24
1.62
-94
-1.0
-2.91
-49
39
-0.19
0.97
0.01
0.47
20
87
3.07
72
61
0.27
-29
1.4
-0.7
14.4
-46
-60
-0.88
72
84
-12
41
-0.58
0.36
-0.51
-70
2.19
17
59
-53
1.43
-0.4
69
-17
39
22.0
0.5
30
-52
4.1
1.07
3.7
-99
68
40
-0.51
-0.08
62
-53
-94
1.0
97
0.34
-31
-7.23
-68.0
0.51
75
96
-71
-91
-1.92
-2
57
-1.09
33
0.16
92
-22
-7.0
-0.89
-6
58
-64
-26
-33
1.07
-13
-15
75
-0.03
-0.09
90
-0.97
0.59
49
-40
0.35
-0.08
36
-50
2.27
2.49
-2.67
2.15
-33
-0.88
1.07
-0.42
-43
-69
14
-45
-1.78
-42
1.17
4.09
-5.86
70
-2.54
0.28
-2.88
-20.0
1
85
1.44
-67
-5.38
-1.48
22
8
1.83
-90
1.03
-0.19
-35
-47
49
0.79
-82
-17
2
44
1.14
34
87
0.85
0.31
69
-24
0.02
-4.22
-59
-0.02
-0.95
1.77
5
40
-1.13
-23
-12
-43
-61
0.34
-98
-47
0.84
11
1.8
-62
-35
82
4.43
-0.04
-0.34
-0.79
-0.7
27
0.24
2.97
-3.52
44
-21
-54
1.25
41
1.58
0.86
37
2.4
-6.88
-0.3
3.09
19
-26
-83
2.27
51
1.26
-0.86
68
-0.51
85.0
1.62
-4.25
-8
-0.28
0.64
2.62
-0.35
79
-0.95
-0.36
-2.8
48
-0.91
-42
0.84
93
-4.06
0.26
-1.11
-54
18
-47
0.46
47
93
-1.13
-25
-0.95
0.73
-43
-0.09
-1.11
61
-64
-1.48
9.75
44
40
-88
0.77
1.11
0.34
-0.76
-1.1
-2.27
37
0.51
-49
-0.89
-5.56
-1.11
88
1.51
-0.57
5.0
1.0
0.68
0.62
-4.67
0.85
36
-0.06
1.75
0.3
83
-65
-1.68
-0.91
19
2.48
-88
88
-25
-34
0.67
-0.34
0.32
1.94
-0.55
38
-10
91
-0.67
-3.75
-0.55
-1.0
-0.62
14
-0.46
-2.42
-1.45
0.46
-21
1.23
30
47
-34
-65
-88
7.0
0.24
0.53
-2.44
45
83
-2.33
-28
-0.2
1.14
1.02
-1.16
-41
-48
-49
1.46
52
0.46
1.0
-0.32
-1.2
0.81
-2.16
-53
45
-1.01
27
-2
-99
70
-8.0
-0.9
-25
65
2.55
44
56
43
-1.76
0.12
-10
1.62
68
30
7
2.54
90
-2.58
-3.15
63
0.57
-12.57
2.93
-45
24.75
-5.27
53
12
41
41
62
70
-0.26
10
-96
11
-20
-23
-94
-18
52
-2.04
-0.48
-56
16.5
-87
-0.94
-0.12
0.08
-36
0.85
-85
0.85
-2.73
1.38
9.4
-4.15
75
-10
0.81
-25
-70
35
-10
97
-0.35
30.33
-9
-5.88
7
-0.9
-5.0
92
-7
1.08
-88
1.46
-72
-1.65
35
1.12
-0.64
4.28
0.66
0.88
59
-5.44
-32
-3.2
1.89
0.09
0.04
-93
-1.6
-35
65
25
-8.55
81
-0.65
43
5.8
-0.9
-1.01
-58
-98
39
-2.52
54
36
0.05
1.62
-72
10.17
-99
58
-13
-1.33
-2.92
0.25
-0.77
-17
-47
0.93
3.17
0.8
7
14
2.74
-1.85
1.07
1.44
-0.68
4.29
36
-0.99
0.53
-0.92
-0.76
0.81
0.01
-3.83
53
14
-0.43
45
0.7
59
-5.2
-1.06
86
-0.45
-0.01
10.17
0.02
-67
-35
90
-0.76
0.45
46.0
92
-90.0
0.14
2.27
-9
-2.24
-0.41
55
-2.0
-0.75
0.54
-99
2.69
16
-47
-60
-0.12
-0.92
-74
3.15
-0.82
-0.12
-0.84
-37
-1.41
-22
1.7
-23
50
-87
1.22
1.33
-1.29
46
61
-5.94
-6
8
-42
-3.65
-0.98
0.71
47
28
0.32
-1.82
0.39
46
3.1
0.12
42
-0.92
2.27
34
-64
-93
29
-0.24
39
0
62
80
-17
-22
0.25
1.28
1.34
1.42
17
-0.68
2.14
1.95
0.15
1.14
1.83
-46
1.06
-76
-1.05
0.13
-72
1.27
-39
-19
60
0.21
-0.91
-98
-19
82
-7
-2.14
-1.88
-3.5
-2.33
-0.57
-0.42
-0.91
16.4
-3.87
-2
1.47
69
17
-13
-98
-0.72
0.59
-20
-0.97
-3.24
71
-2.45
-5.89
-88
0.49
86
-43
-0.18
68
66
-0.56
0.74
0.28
2.71
0.52
-0.28
11.88
-1.67
-0.12
-1.43
-90
-47
-42.0
-1.9
0.63
-0.5
-0.84
0.83
51
-0.17
62
-0.55
53
-39
-0.69
0.92
-0.27
-5
8
96
0.89
-0.93
89
-42
-1.91
-0.68
-83
74
-63
0.69
-0.11
-85
-73
-0.79
-12
-89
0.52
58
-14.5
-0.45
96
-81
-0.44
8.0
-33
-0.61
-88
-21
-3.13
-74
24
-71
96
-1.29
0.63
-1.15
-0.78
33
0.74
0.12
0.6
49
-0.04
-87
3.4
31
-99
-27
35
0.03
-25
-73
-25
1.95
-41
72
27
-0.72
-0.85
-42
-0.21
80
-4.29
98
14.25
-25
-1.18
11
8.45
-0.27
-0.27
-29
-83
91
1.24
-64
0.71
-13.86
49
18.5
-1.12
-18
4.94
-4.55
-0.67
35
6
76
-0.2
-4
-0.78
-0.29
-51
0.7
-1.68
-77
-36
-0.97
91
-1.72
81
0.47
-41
8.91
-68
-0.89
-47
67
0.49
-82
0.33
0.67
2.5
-1.36
-2.36
-56
4.1
-0.85
-0.04
-2.28
60
-4
-9
3.04
93
42
-37
-1.12
1.07
24
-80
-0.65
-0.15
-0.25
0.61
-0.86
92
-1.25
-87.0
85
0.68
-2.9
63
33
-1.25
89
-0.26
18
-0.16
-37
10.33
-0.14
-1.95
0.33
57
87
-46
-2.16
-0.39
-0.73
-0.95
34
-53.0
1.26
-1.08
6
94
-0.6
0.68
-90
-6
97
0.84
6
0.19
2.35
82
48
-88
-0.52
48
-5.75
0.6
1.71
0.09
-84
-3.27
7
-77
0.77
-3.31
-83
-1.81
-0.6
-1.26
0.78
-76
-25.0
2.05
8
-3.48
-0.61
36
-0.39
80
1.76
91
-93
-0.44
-1.11
27
-94
-0.83
18.5
0.35
-0.76
16
-1.67
33
-39
-2.46
4.0
-0.82
-53
-0.01
-91
62
-11
84
2.33
98
15
7
-21
-25
-60
0.57
-56
90
9
53
0.6
0.16
-79
0.07
-81
15
53
-3.58
-8
5
-56
-42
60
-0.78
-0.07
-0.67
-62
0.39
-92
0.59
-55
-0.11
30
81
72
0.58
0.63
-38.5
-0.09
1.31
-79
0.45
0.61
56
-88
49
93
-23
-0.96
3
-1.82
99
-0.81
-0.92
-31
1.35
-67
1.2
-22
0.45
-2.03
0.95
-4.5
-20
-0.34
-66
-70
34
-1.16
0.59
0.9
1.33
-19
96
0.24
0.52
21
-36
86
-20
1.06
2.62
-20
-84
19
-0.16
-2.0
2.77
-0.31
-0.03
-0.76
59
-0.72
2.12
-1.57
99
1.77
32
-33
-1.48
-0.9
-0.88
49
0.55
-2.11
97
-95
0.68
-0.57
-32
-1.06
4.35
-0.26
0.93
-2.93
-0.32
85
0.18
1.44
49
4.62
0.97
-2
-1.17
11.38
0.41
-0.9
-0.83
-80
2.92
-75
-0.88
-63
0.87
0.62
52
-0.12
-6.67
2.14
-0.83
22
39
1.88
75
21
4.65
-1.62
96.0
-0.35
1.33
-94
2.28
-24
12
1.91
55
0.13
1.33
89
-4.42
-0.07
-0.09
1.55
52
-0.76
-4.0
-91
-9
-2.11
96
-14
-44
0.29
49
-74.0
28
56
91
1.33
-0.45
-7
-38.5
-1.27
1.52
1.28
64
90
19
55
44
-49
-94
0.61
46
-56
6.5
-2.52
0.46
10
-100
39
-20
2.21
-0.81
5.19
-0.42
27
2.29
-63
-0.15
-72
1.06
-0.67
-1.0
90
-70
-3.71
0.87
46
38
0.8
-11.0
-1.11
17
0.8
-96
29
83
-2
85.0
0.61
4.0
-53.0
73
-91
-0.85
0.57
-1.98
0.63
-8
72
60
-42.5
-0.5
0.33
41
47
30
23
-62
55
-43
-86
0.44
-1.06
-0.41
0.84
-0.64
99
-24
2.78
16
5.12
0.29
2.57
-82
19
-0.55
0.41
1.09
-20
14
44
-70
-83
6.71
1.0
2.4
83
-34
59
-6
76
-71
-77
26
-73
1.62
0.11
1.14
-0.58
-37
0.09
-2.0
-0.52
-2.5
-6.25
54
-0.97
-69
8.8
-32
24
-80
4.08
79
-26
66
63
94
48
1.66
0.25
-1.04
16
-0.48
-0.65
-60
-86
1.07
0.41
-1.27
0.22
0.33
-38
2.11
4.83
2.34
-51
20
0.21
2.89
0.54
-0.25
0.06
-70
0
7.67
94
-0.38
74
-6.0
1.48
0.39
-0.19
0.86
0.77
-83
-0.41
-79
-5.36
92
0.27
-2.09
-98
4.33
-93
-1.52
-53
-35
100
0.9
-0.82
-11.17
-6.83
-3.06
44
-5.25
-5.0
-0.85
-39
-94
0.48
0.4
2.81
9
45
11
-7
0.69
43
0.76
1.83
-4.0
-67
-47
12
-0.72
1
1.14
4
-1.44
34
-73
-29
-0.8
1.74
2.09
26
2.18
3.41
42
-62
-18
28
-0.25
87
38
0.28
1.78
12
1.11
81
-0.87
0.35
-0.83
-1.04
-0.04
1.87
-1.22
9.0
63
1.29
-1.44
36
40
35.0
-0.04
0.1
-0.37
-77
1.31
76
4
0
3.5
-1.17
-99
-1.12
-79
42
0.5
-94
61
-8.6
54
0.85
-0.42
0.97
0.42
3
89
-0.36
61
28
-7
86
3.5
-88
-85
-56
25
-2.11
-15
-75
32
32
80
-0.48
46
81
-6.67
49
-0.98
-1.24
-5.22
4.28
-58
-59
0.22
-15
-26
71
-85
0.4
2.14
-2.42
-10.0
1.83
-45
-0.5
0.28
0
-0.4
14
1.16
0.45
-83
-61
13.5
58
1.96
-60
0.01
35
6.5
6.0
0.19
0.69
-1.17
-0.85
5
-0.51
-14.14
-48
-7.6
-63
-99
83
67
-2.4
-0.99
3.53
59
-28
2.92
58
-1.07
1.92
-0.12
-7.54
-35
0.24
0.31
-1.03
-66
-0.12
10.0
-0.66
-1.33
-1.12
-97.0
17
-43
-27
-6.25
3.32
-85
68
-74
88
1.01
-0.9
-3.1
-0.96
0.24
29
-27
0.21
5.67
-41
85
-0.74
53
-96
-80
86
0.04
-95
-33
-0.85
60
3
-69
-38
-2.66
86
-0.45
0.77
-0.8
2.14
1.34
0.93
1.56
-1.11
-66
-67
-0.77
6.4
57
-59
-77
-72
-99
1.96
-20
-16
35
10.88
-78
1.47
1.0
19
-83
-1.9
24
-86
-65
-0.76
-83
6.83
-1.84
-32
-17.5
-2.72
99
29
-2.05
1.46
0.5
-1.19
-96
-0.79
-77
-1.71
90
0.66
-12
4.55
-66
34
-0.71
91
3
-2
-28
7.0
0.44
-0.43
14
-3.41
-46
-1.86
0.48
-94
-27
-0.25
46
70
33
-5.39
1.93
-0.18
-7
-1.34
-17
-1.1
-57
0.3
18.67
9.8
62
-57
-10
-0.89
-21
0.12
-27
-0.97
-1.5
-22
-70
7
-1.12
1.6
5.83
61
90
42
-74.0
3.17
21
0.92
0.86
-0.72
-62
42
-0.49
1.77
22
52
1.62
1.58
0.91
0.17
-1.34
-8
-0.06
-0.56
-0.4
0.01
-37
-0.18
-0.84
-1.25
0.58
41
0.3
21
-0.07
-0.43
0.11
-97
0.31
2.09
-0.57
63
-0.52
1
-0.36
-99
40
14
-42
-0.74
-0.3
-1.04
-52
1.09
-41
64
-58.0
-88
0.26
87
-0.82
0.57
27
27
-1.18
-31
2.58
-0.46
-0.57
59
43
4.57
-67
-67
-57
-12
-22
-4.5
-2.83
-0.74
-0.36
37
-30
-53
0.85
-0.34
19
1.43
-3.5
0.97
6
-64
1.12
-98
-0.98
-78
1.36
1.83
-74
-0.45
-1.75
-39
70
2.79
1.0
-0.26
99
-76
-4.04
77
-28
-23.33
-0.21
1.24
0.98
-45
1.2
-0.17
-58
-29
7.0
-5
-36
0.41
0.62
0.52
3.84
59
-82
2.66
0.28
-1.7
98
0.62
14
69
0.89
-0.81
66
-0.94
0.28
38.0
56
42.0
-74
0.5
0.87
-7.8
-3
-21
0.82
0.13
-0.34
-0.69
-0.21
-0.56
-82
1.16
0.56
64.0
-1.44
0.48
-36.0
-53
33
-0.51
-4.75
-0.84
-0.14
-66
9.33
-3.5
26
5
-98
0.32
2.57
-1.81
27
-2
32
0.41
23.75
76
-0.1
2.45
0.85
77
-1.44
18
-43
0.91
-64
0.09
40
-5.75
1.05
-99
3.23
-0.63
0.35
-79
1.83
-0.06
1.39
-1.83
56
0.06
2.43
63
-46
-61
0.74
1.92
89
-70
-0.92
-4.8
-80
-31
99
-79
43
-0.56
-30
-9.33
-1.04
1.06
-23
69
-1.0
76
0.78
14.67
70
95
-45
-72
-1.23
-68
0.14
-43
63
-51
-43
63
-95
-4.06
0.09
-10.0
15.5
19
0.29
-16.33
57
-1.38
0.21
-94
-0.74
1.11
-0.31
16
-49
18.5
-91
85
88
1.08
-0.25
-5
24
-34.0
-51
-0.47
0.35
13.0
-1.16
-74
-32
-8.11
-70
0.77
-24
70
-95
-23
-7.27
-15.6
-1
-52
0.57
49
69
13.71
1.69
23
-35
-10.0
-86
10.62
1.41
-0.74
1.53
-0.02
42
-1.1
78
67
4.35
-2.49
77
-57
34
-0.28
1.24
-8.12
-50
-0.32
98
0.97
-0.76
-92
35
-27
-0.03
35
-0.02
0.92
22
50
68
0.41
70
27
1.23
36
-19
0.57
0.36
-0.73
91
97
-21
-5.41
-5
2.29
-12.0
0.47
0.03
30
-1.42
22
0.13
76
-39
21
88
-63
-92
-0.22
0.48
78
4
53
-0.07
-95
-0.89
0.5
1.41
59
74
51
-1.0
0.19
0.57
0.63
-0.53
-23
0.14
-12
99
26
-64
-23
-10.0
34
97
0.23
0.38
26
28
-60
0.92
-93
-0.47
-1.9
66
60
0.73
-23
52
47
10
1.59
4.65
-52
-96
0.09
22
3.56
-79
-1.3
-61
-93
-1.14
8
1.38
3.38
10.5
93
6.5
-1.03
1.35
62
0
0.08
48
-39
-9.5
-4.36
-11
-31
0.56
0.11
-90
-1.92
25
-28
69
5.7
-84
-54
7
46
1.23
53
38.5
0.91
100
64
46
-52
36
-3.0
0.37
-0.76
-1.45
34
30
-90
-49
-49
-98
66
-1.66
0.44
-5.89
1.12
-0.48
1.82
-4.0
65
34
-1.83
2.29
1.0
0.89
1.38
-1.06
1.63
3.21
-47
-0.14
0.85
0.72
99
-40
0.24
-71
96
-13
0.18
-0.48
-60
22.5
67
-41
-1.28
1.2
2.55
0.35
0.47
-78
2.05
-0.81
2.12
-0.17
-24.0
-0.77
51
41
58
0.14
-2.85
36
-0.13
-0.63
0.88
-65
52
98
0
1.03
-0.46
-1.64
0.19
-2.28
2.0
1.0
-1.8
-72
-4
-77
69
-76
21
2.41
0.65
-67
-0.26
-4
-62
61
91
0.17
-2.78
88
-1
0.9
0.25
69
1.56
8
4.33
-1.0
79
-0.46
45
0.27
-47
0.57
-67
1.03
2.68
8.0
55
-34
-62
27
-1.46
0.5
57
-32
19
21
3.33
-10
3.6
4
2
75
1.0
0.92
0
-26.5
53
99
-1.77
0.41
0.29
-31
-60
4.56
4.04
73
-34
72
3.9
-1.18
-1.01
-67
-86
1.31
-0.84
54
-0.56
59
0.5
-75
12
0.67
64
-69
-7
-7.5
0.67
-63
-75
18
0.05
-0.26
-2.67
-1.72
-0.87
-85
-0.89
1.5
40
98
-2.09
97
-0.85
1.26
28
-1.38
0.6
87
-1.75
-11.25
-53
-2.0
-1.23
1.54
-39
-1.63
0.18
-49
-0.13
-1.4
0.84
0.89
1.77
1.6
-64
1.09
8
-68
0.27
-0.26
0.19
37
68.0
-69
-97
-55
-2.67
86
27
-0.59
-42
0.1
4.4
-50
-26
-8.0
-0.45
-13
79
1.39
-32.0
58
0.66
-95
80
-75
3.31
25
3.73
-3.24
24
28
-0.61
-1.39
-9
0.3
50
-54
0.68
-96
3.62
4
0.91
1.92
22
-55
1.0
-7.29
-75
-1.5
-48
91
-18.75
-52
-1.27
-0.47
2.41
79
-1.64
-91
-1.48
14.2
-87
2.25
1.42
0.88
-3.8
-34
-0.76
-3.33
0.55
-1.44
61
0.7
-0.35
0.41
95
-86
0.49
35
-84
-4.3
1.08
-52
-97
14
100
12
-0.57
82
50
61
-53
63
-20
-1.82
62
0.79
36
0.75
78
-92
83
69
43
-3.25
0.33
79
-12
-62
68
-1.51
0.18
0.5
-58
40
74
0.03
0.13
44
0.6
-1.18
-15
0.79
6.33
59
0.24
97
64.0
-21
-0.71
-2.96
49
2.09
1.16
-52
0.38
45
-2
-49
0.51
-12
-85
85
-78
-0.96
0.69
-0.84
-10
56
74
-82
0.87
-0.85
45
-94
-63
-59
-1.38
95
0.91
-41
-33.0
-95
21
-1.12
89
19
14.67
-0.19
32
-28
56
-8.67
-12.25
74
-7
-1.23
-29
-82
-36
-1.23
0.67
-1.46
-49
-18
-0.37
-96
0.49
-97
3.5
0.21
80
81
68
0.7
13
17.4
-9
0.14
2.15
-1.13
-11
-1.53
-0.64
-0.18
-2.29
-6.6
-0.15
0
0.52
-98
8
-12
2.75
2.64
-67
-1.07
-55
-49
-16
98
-37
-88
-6
-1.47
-8.89
-0.67
-12.0
47
-3.59
-6
43
0.17
1.05
52
-4
16.0
2.13
-45
-1
-9.56
2.19
-20
0.24
-0.3
-0.35
0.39
-1.5
2.45
-0.14
-2.86
0.99
-0.34
-16
88
-90
0.61
2.37
-8.36
-0.23
-25
-0.35
1.83
-1.06
0.06
27
-1.04
-0.28
63
51
-0.4
-9.5
-87
-19.5
-0.62
0.49
-0.09
0.5
-66
-50
-1.91
-19
63
1.52
-0.06
5.33
-27
-1.07
-9
-88
-35
-0.14
-0.59
-1.14
-95
67
-50
-0.94
100
-0.37
-0.5
-1.25
100
0.16
-52
-8
-1.95
-13.33
57
-20
3.5
23
-31
-82
0.74
72
-1.64
0.74
-26
-59
-0.47
8.5
33
0.78
-1.42
7.0
-3.0
98
-38
-2.18
72
-1.81
-59
2
-3.64
63
1
-88
2.8
24.33
22
38
-68
2.41
68
-68
-1.34
40
-6
1.0
-42
1.08
3.24
-1.86
-25
26
-47
-2.44
0.43
-0.05
0.73
3.5
-54
-1.17
-94
80
32
-88
4.55
-5.33
59
-80
-0.47
-27
-0.31
9
-1.46
-0.39
-1.24
-16
96
0.92
78
0.84
-55
-0.13
0.68
-0.72
-0.17
-87
9
86
-81
0.02
-11.38
-0.33
-2
3.64
-82
0.6
0.67
